[bed_mesh]
horizontal_move_z: 2
speed: 300
mesh_min: 10,10
mesh_max: 205, 210
probe_count: 20, 20
algorithm: bicubic

[screws_tilt_adjust]
screw1: 48, 20
screw1_name: Front left
screw2: 218, 20
screw2_name: Front right
screw3: 218, 190
screw3_name: Rear right
screw4: 48, 190
screw4_name: Rear left
speed: 200
horizontal_move_z: 5
screw_thread: CW-M4

[axis_twist_compensation]
speed: 50
horizontal_move_z: 5
calibrate_start_x: 7
calibrate_end_x: 187
calibrate_y: 110

[probe_eddy_current btt_eddy]
z_offset: 1.0
reg_drive_current: 17
calibrate: 0.050000:3260214.851,0.089844:3258233.859,0.129688:3256270.822,0.170313:3254360.311,0.210156:3252496.442,0.250000:3250726.150,0.289844:3248953.601,0.329688:3247221.962,0.370313:3245554.774,0.410156:3243880.367,0.450000:3242307.862,0.489844:3240717.189,0.529688:3239187.099,0.570313:3237690.542,0.610156:3236232.003,0.650000:3234789.281,0.689844:3233435.698,0.729688:3232074.331,0.770313:3230709.617,0.810156:3229429.675,0.850000:3228168.274,0.889844:3226951.316,0.929688:3225717.561,0.970313:3224492.458,1.010156:3223375.218,1.050000:3222256.212,1.089844:3221140.945,1.129688:3220073.996,1.170313:3219019.748,1.210156:3218004.329,1.250000:3216968.197,1.289844:3216001.046,1.329688:3215022.443,1.370313:3214065.777,1.410156:3213150.251,1.450000:3212263.394,1.489844:3211369.038,1.529688:3210503.588,1.570313:3209680.869,1.610156:3208847.335,1.650000:3208049.143,1.689844:3207287.534,1.729688:3206488.427,1.770313:3205753.116,1.810156:3205013.715,1.850000:3204304.698,1.889844:3203614.057,1.929688:3202918.213,1.970313:3202251.583,2.010156:3201579.861,2.050000:3200949.021,2.089844:3200322.237,2.129688:3199685.733,2.170313:3199060.167,2.210156:3198448.598,2.250000:3197882.743,2.289844:3197308.404,2.329688:3196752.046,2.370313:3196200.056,2.410156:3195671.841,2.450000:3195150.828,2.489844:3194642.690,2.529688:3194143.381,2.570313:3193642.168,2.610156:3193142.147,2.650000:3192692.386,2.689844:3192213.954,2.729688:3191763.350,2.770313:3191297.082,2.810156:3190866.465,2.850000:3190464.879,2.889844:3190037.600,2.929688:3189593.632,2.970313:3189198.447,3.010156:3188793.946,3.050000:3188410.640,3.089844:3188031.043,3.129688:3187632.475,3.170313:3187276.331,3.210156:3186896.896,3.250000:3186563.114,3.289844:3186212.653,3.329688:3185858.910,3.370313:3185523.169,3.410156:3185189.105,3.450000:3184868.198,3.489844:3184524.461,3.529688:3184218.747,3.570313:3183897.240,3.610156:3183609.026,3.650000:3183334.054,3.689844:3183011.965,3.729688:3182715.623,3.770313:3182427.694,3.810156:3182157.741,3.850000:3181882.414,3.889844:3181616.418,3.929688:3181361.044,3.970313:3181105.644,4.010156:3180827.111,4.050000:3180602.033

[temperature_probe btt_eddy]
sensor_type: Generic 3950
sensor_pin: eddy:gpio26
horizontal_move_z: 2
drift_calibration_min_temp: 51.138705009226015
drift_calibration: 
	3250654.479558, 320.132714, -4.029370
	3248812.567837, -299.497255, 1.130200
	3225261.669152, -75.726011, -0.151712
	3208731.327899, 59.648314, -0.910638
	3196516.474584, 156.215964, -1.469897
	3187408.684214, 219.561508, -1.814432
	3180607.886875, 262.123605, -2.051178
	3175122.340773, 297.539880, -2.247725
	3171093.929847, 316.241711, -2.340057
